MeshVersionFormatted 1

Dimension
3


# Set of mesh vertices
Vertices
98
-0.73104999999999998  -1.4621010000000001  -0.73104999999999998    0
-1.4621010000000001  1.4621010000000001  -0.73104999999999998    0
1.4621010000000001  1.4621010000000001  -1.4621010000000001    0
-1.4621010000000001  1.4621010000000001  1.4621010000000001    0
-0.73104999999999998  0.73104999999999998  1.4621010000000001    0
-1.4621010000000001  1.4621010000000001  -1.4621010000000001    0
0  1.4621010000000001  -1.4621010000000001    0
-1.4621010000000001  -1.4621010000000001  -1.4621010000000001    0
-1.4621010000000001  -0.73104999999999998  -1.4621010000000001    0
-1.4621010000000001  0  -1.4621010000000001    0
-0.73104999999999998  0.73104999999999998  -1.4621010000000001    0
-0.73104999999999998  0  -1.4621010000000001    0
0  -0.73104999999999998  -1.4621010000000001    0
-0.73104999999999998  -1.4621010000000001  -1.4621010000000001    0
-0.73104999999999998  -0.73104999999999998  -1.4621010000000001    0
0  0  -1.4621010000000001    0
0  -1.4621010000000001  -1.4621010000000001    0
0.73104999999999998  0  -1.4621010000000001    0
0  0.73104999999999998  -1.4621010000000001    0
0.73104999999999998  0.73104999999999998  -1.4621010000000001    0
0.73104999999999998  -0.73104999999999998  -1.4621010000000001    0
1.4621010000000001  -1.4621010000000001  -1.4621010000000001    0
1.4621010000000001  0  -1.4621010000000001    0
1.4621010000000001  0.73104999999999998  1.4621010000000001    0
0.73104999999999998  1.4621010000000001  1.4621010000000001    0
0  1.4621010000000001  1.4621010000000001    0
-0.73104999999999998  1.4621010000000001  1.4621010000000001    0
0  0.73104999999999998  1.4621010000000001    0
1.4621010000000001  -1.4621010000000001  1.4621010000000001    0
0.73104999999999998  -1.4621010000000001  1.4621010000000001    0
0.73104999999999998  0.73104999999999998  1.4621010000000001    0
1.4621010000000001  0  1.4621010000000001    0
0.73104999999999998  -0.73104999999999998  1.4621010000000001    0
0  -0.73104999999999998  1.4621010000000001    0
0.73104999999999998  0  1.4621010000000001    0
0  -1.4621010000000001  1.4621010000000001    0
0  0  1.4621010000000001    0
-1.4621010000000001  -1.4621010000000001  1.4621010000000001    0
-0.73104999999999998  -0.73104999999999998  1.4621010000000001    0
-0.73104999999999998  0  1.4621010000000001    0
1.4621010000000001  1.4621010000000001  1.4621010000000001    0
1.4621010000000001  1.4621010000000001  -0.73104999999999998    0
0  1.4621010000000001  0.73104999999999998    0
0.73104999999999998  1.4621010000000001  0.73104999999999998    0
-1.4621010000000001  1.4621010000000001  0    0
-0.73104999999999998  1.4621010000000001  0.73104999999999998    0
0  1.4621010000000001  0    0
0.73104999999999998  1.4621010000000001  0    0
-0.73104999999999998  1.4621010000000001  0    0
-0.73104999999999998  1.4621010000000001  -0.73104999999999998    0
0  1.4621010000000001  -0.73104999999999998    0
0.73104999999999998  1.4621010000000001  -0.73104999999999998    0
-0.73104999999999998  1.4621010000000001  -1.4621010000000001    0
0.73104999999999998  1.4621010000000001  -1.4621010000000001    0
-1.4621010000000001  1.4621010000000001  0.73104999999999998    0
-1.4621010000000001  0.73104999999999998  0.73104999999999998    0
-1.4621010000000001  -0.73104999999999998  1.4621010000000001    0
-1.4621010000000001  -0.73104999999999998  0.73104999999999998    0
-1.4621010000000001  -1.4621010000000001  0.73104999999999998    0
-1.4621010000000001  0.73104999999999998  1.4621010000000001    0
-1.4621010000000001  0  0.73104999999999998    0
-1.4621010000000001  0  1.4621010000000001    0
-1.4621010000000001  0  0    0
-1.4621010000000001  -0.73104999999999998  0    0
-1.4621010000000001  0  -0.73104999999999998    0
-1.4621010000000001  -0.73104999999999998  -0.73104999999999998    0
-1.4621010000000001  0.73104999999999998  0    0
-1.4621010000000001  -1.4621010000000001  -0.73104999999999998    0
-1.4621010000000001  0.73104999999999998  -0.73104999999999998    0
-1.4621010000000001  0.73104999999999998  -1.4621010000000001    0
-0.73104999999999998  -1.4621010000000001  0.73104999999999998    0
-0.73104999999999998  -1.4621010000000001  1.4621010000000001    0
-1.4621010000000001  -1.4621010000000001  0    0
-0.73104999999999998  -1.4621010000000001  0    0
0.73104999999999998  -1.4621010000000001  0.73104999999999998    0
1.4621010000000001  -1.4621010000000001  0.73104999999999998    0
0  -1.4621010000000001  0.73104999999999998    0
0  -1.4621010000000001  0    0
1.4621010000000001  -1.4621010000000001  0    0
0  -1.4621010000000001  -0.73104999999999998    0
0.73104999999999998  -1.4621010000000001  0    0
0.73104999999999998  -1.4621010000000001  -1.4621010000000001    0
1.4621010000000001  -1.4621010000000001  -0.73104999999999998    0
0.73104999999999998  -1.4621010000000001  -0.73104999999999998    0
1.4621010000000001  -0.73104999999999998  1.4621010000000001    0
1.4621010000000001  0.73104999999999998  0.73104999999999998    0
1.4621010000000001  0  0.73104999999999998    0
1.4621010000000001  -0.73104999999999998  0.73104999999999998    0
1.4621010000000001  1.4621010000000001  0.73104999999999998    0
1.4621010000000001  0  0    0
1.4621010000000001  -0.73104999999999998  0    0
1.4621010000000001  1.4621010000000001  0    0
1.4621010000000001  0.73104999999999998  0    0
1.4621010000000001  0  -0.73104999999999998    0
1.4621010000000001  0.73104999999999998  -0.73104999999999998    0
1.4621010000000001  0.73104999999999998  -1.4621010000000001    0
1.4621010000000001  -0.73104999999999998  -0.73104999999999998    0
1.4621010000000001  -0.73104999999999998  -1.4621010000000001    0

# Set of Triangles
Triangles
534
   45     46     56    0
   45     67     46    0
   56     67     45    1
   56     46     67    0
   49     67     69    0
   49     11     67    0
   69     11     49    0
   69     67     11    0
   81     78     75    1
   81     33     78    0
   75     33     81    0
   75     78     33    0
   15      1     14    0
   15     13      1    0
   14     13     15    1
   14      1     13    0
    4     46     56    0
    4     55     46    1
   56     55      4    1
   56     46     55    0
   84     21     13    0
   84     97     21    0
   13     97     84    0
   13     21     97    0
   39     71     38    0
   39     58     71    0
   38     58     39    0
   38     71     58    0
   64      1     68    0
   64     66      1    0
   68     66     64    1
   68      1     66    0
   16     94     90    0
   16     13     94    0
   90     13     16    0
   90     94     13    0
   45     46     55    1
   55     56     45    1
   71     58     59    0
   59     38     71    1
   59     58     38    1
   74     64      1    0
   74     73     64    0
    1     73     74    1
    1     64     73    0
   87     32     33    0
   87     88     32    1
   33     88     87    0
   33     32     88    0
   81     91     78    0
   33     91     81    0
   33     78     91    0
   78     16     13    0
   78      1     16    0
   13      1     78    0
   13     16      1    0
   19      7     51    0
   19     52      7    0
   51     52     19    0
   51      7     52    1
   87     35     33    0
   87     32     35    0
   33     35     32    1
   69     11     10    0
   69     70     11    0
   10     70     69    1
   10     11     70    1
   69      2     11    0
   69     70      2    1
   11      2     70    0
   43     25     26    1
   43     28     25    0
   26     28     43    0
   26     25     28    1
   71     74     59    1
   71     58     74    0
   59     74     58    0
   84     81     97    0
   84     13     81    0
   97     81     13    0
   65     12      9    0
   65     10     12    0
    9     10     65    1
    9     12     10    1
   91     87     90    1
   91     33     87    0
   90     33     91    0
   90     87     33    0
   47     37     28    0
   47      5     37    0
   28      5     47    0
   28     37      5    1
   65     69     11    0
   65     10     69    1
   11     10     65    0
   65     12     66    0
   66      9     65    1
   66     12      9    0
   65     12      1    0
    1     66     65    0
    1     12     66    0
    1      8     68    1
    1     66      8    0
   68      8     66    1
   74     58     73    0
   73     59     74    1
   73     58     59    1
   91     76     88    1
   91     75     76    0
   88     75     91    0
   88     76     75    0
   34     39     71    0
   34     72     39    1
   71     72     34    0
   71     39     72    0
   15      1      8    0
    8     14     15    1
    8      1     14    1
    9      1     66    0
    9      8      1    0
   66      8      9    1
    9     15     66    0
    9      1     15    0
   66     15      1    0
    9      8     15    1
   69      2     50    0
   50     11     69    0
   50      2     11    0
   44     89     25    1
   44     24     89    0
   25     24     44    0
   25     89     24    0
    7     11     51    0
    7     50     11    0
   51     50      7    1
   51     11     50    0
    2      6     11    0
    2     70      6    1
   11      6     70    1
   12      9     15    1
   15     66     12    0
   49     67      2    0
    2     69     49    0
    2     67     69    1
   12     15     13    1
   12      1     15    0
   13      1     12    0
   37     34     40    1
   37     61     34    0
   40     61     37    0
   40     34     61    0
   65     11     12    0
   12     11     10    1
   45     49     46    1
   67     49     45    0
   67     46     49    0
    2     53     50    1
    2     11     53    0
   50     53     11    0
    2      6     53    1
   53      6     11    1
   62     60      5    1
   62     56     60    1
    5     56     62    0
    5     60     56    0
   49     50     69    0
    2     50     49    1
   45      2     49    1
   67      2     45    1
   50     11     49    0
   34     71     58    0
   34     74     71    0
   58     74     34    0
   39     57     58    0
   38     57     39    1
   38     58     57    1
   60      4      5    1
   56      4     60    1
   56      5      4    0
   39     62     61    0
   39     57     62    1
   61     57     39    0
   61     62     57    1
   62      5     61    0
   61     56     62    1
   61      5     56    0
   74     58     64    0
   73     64     58    1
   39     61     58    0
   57     58     61    1
   34     39     58    0
   43     26     46    1
   43      5     26    0
   46      5     43    0
   46     26      5    0
   44     25     31    0
   31     24     44    0
   31     25     24    1
    5     46     67    0
    5     56     46    0
   67     56      5    0
    5      4     46    0
    5     27     46    0
    5      4     27    1
   46     27      4    1
   79     81     91    0
   79     97     81    0
   91     97     79    1
   91     81     97    0
   39     40     61    0
   39     62     40    1
   61     40     62    0
    7     53     11    1
    7     50     53    1
    5     46     49    0
   49     67      5    0
   64     63      1    0
   64     66     63    1
    1     63     66    0
   34     64     74    0
   58     64     34    0
   34     39     40    1
   34     61     39    0
   75     77     30    1
   75     33     77    0
   30     33     75    0
   30     77     33    0
   18     21     98    1
   18     97     21    0
   98     97     18    0
   98     21     97    0
   63     65     12    0
   63      1     65    0
   12      1     63    0
   63     66     65    1
   87     35     90    0
   90     35     33    0
   63     65     11    0
   11     12     63    0
   63      5     67    0
   63     56      5    0
   67     56     63    1
   63     61      5    0
   56     61     63    1
   63     67     11    0
   63     69     67    1
   11     69     63    0
   63     65     69    1
   64     73     68    1
   68     73      1    1
   91     88     33    0
   33     75     91    0
   33     88     75    0
   86     44     24    0
   86     89     44    0
   24     89     86    1
    3     52     20    0
    3     95     52    0
   20     95      3    0
   20     52     95    0
   74     64     63    0
   63      1     74    0
   97     94     13    0
   97     90     94    1
   13     90     97    0
   18     23     97    0
   98     23     18    1
   98     97     23    1
   29     76     75    1
   29     88     76    1
   75     88     29    0
   39     72     38    1
   38     72     71    1
    5     28     43    0
    5     26     28    1
   40     62      5    1
    5     61     40    0
   35     37     90    0
   35     33     37    1
   90     37     33    0
   78     91     13    0
   78     90     91    0
   13     90     78    0
   13     91     90    0
   36     34     71    0
   36     72     34    1
   71     72     36    1
   29     75     30    1
   29     33     75    0
   30     33     29    1
   34     63     74    0
   64     63     34    0
   58     63     34    0
   58     64     63    1
   86     87     28    0
   86     90     87    1
   28     90     86    0
   28     87     90    0
   42     52     95    0
   42     48     52    1
   95     48     42    0
   95     52     48    0
   34     58     61    0
   61     63     34    0
   61     58     63    1
   77     34     30    0
   77     33     34    0
   30     34     33    1
   22     84     21    0
   22     82     84    1
   21     82     22    1
   21     84     82    0
   77     36     30    1
   77     34     36    0
   30     36     34    1
   77     71     36    1
   34     71     77    0
   91     88     87    1
   29     33     88    0
   85     29     33    1
   85     88     29    1
   33     88     85    0
   35     37     28    1
   28     90     35    0
   28     37     90    0
   87     24     35    0
   32     24     87    1
   32     35     24    1
   37     63     34    0
   61     63     37    0
   32     85     33    1
   32     88     85    1
   78     34     74    0
   78     71     34    0
   74     71     78    1
   86     87     24    1
   86     31     87    0
   24     31     86    0
   24     87     31    0
   47     48     43    1
   47     28     48    0
   43     28     47    0
   43     48     28    0
   54      3     52    1
   54     20      3    1
   52     20     54    0
   92     86     89    1
   92     44     86    0
   89     44     92    1
   18     16     13    1
   18     94     16    0
   13     94     18    0
   37     40      5    1
    5     61     37    0
   37      5     63    0
   26      5     27    1
   27     46     26    1
   81     75     91    0
   87     31     35    0
   24     35     31    1
   44     25     28    0
   28     31     44    0
   28     25     31    1
   44     43     28    0
   44     25     43    1
   89     41     25    1
   89     24     41    1
   25     41     24    1
   47     43     49    1
   47      5     43    0
   49      5     47    0
   49     43      5    0
   86     44     31    0
   46     49     43    1
   42     93     48    0
   95     93     42    1
   95     48     93    0
   92     48     93    0
   92     44     48    1
   93     44     92    0
   93     48     44    0
   87     28     35    0
   31     28     87    0
   31     35     28    1
   78     37     33    0
   78     90     37    0
   33     90     78    0
   31     28     86    0
   86     44     28    0
   19      7     11    1
   11     51     19    0
   93     86     44    0
   93     28     86    0
   44     28     93    0
   93     90     86    1
   28     90     93    0
   42     92     48    1
   42     93     92    1
   47     37     90    0
   90     28     47    0
   96      3     20    1
   96     95      3    1
   20     95     96    0
   48     28     93    0
   44     28     48    0
   48     44     43    1
    3     42     52    1
    3     95     42    1
   19     20      7    1
   52     20     19    0
   52      7     20    0
   92     93     86    1
   83     84     97    0
   83     21     84    0
   97     21     83    0
   47     11     50    0
   47     51     11    0
   50     51     47    1
   47     49     50    1
   47     11     49    0
   47     63     37    0
    5     63     47    0
   47     93     28    0
   47     90     93    0
   47     93     48    0
   17      1     13    0
   17     14      1    1
   13     14     17    1
   16     94     95    0
   95     90     16    0
   95     94     90    1
   18     96     20    1
   18     95     96    0
   20     95     18    0
   47     67     63    0
    5     67     47    0
   49     67     47    0
   47     11     63    0
   67     11     47    0
    7     54     52    1
    7     20     54    1
   18     13     21    1
   97     13     18    0
   79     84     81    1
   79     97     84    0
   79     83     84    1
   79     97     83    1
   18     95     16    0
   94     95     18    0
   18     97     94    0
   18     20     16    1
   95     16     20    0
   18     94     23    0
   23     95     18    0
   23     94     95    1
   84     82     13    0
   13     82     21    1
   18     23     96    1
   95     96     23    1
   23     97     94    1
   80     17      1    1
   80     13     17    0
    1     13     80    0
   79     91     75    0
   79     76     91    1
   75     76     79    1
   81     13     91    0
   97     91     13    0
   78     77     75    1
   33     77     78    0
   79     81     75    1
   22     83     97    1
   22     21     83    0
   97     21     22    0
   78     80      1    1
   78     13     80    0
   91     90     97    1
   78     16     37    0
   78     90     16    0
   37     16     90    0
   84     82     17    1
   17     13     84    0
   17     82     13    1
   81     13     78    0
   84     78     13    0
   84     80     78    1
   13     80     84    0
   16     52     95    0
   16     20     52    0
   16     19     52    0
   16     20     19    1
   16     95     93    0
   93     90     16    0
   93     95     90    1
   16     63     12    0
   16      1     63    0
   12      1     16    0
   16     12     13    1
   16     47     90    0
   16     93     47    0
   16     52     48    0
   48     95     16    0
   16     48     93    0
   16     63     11    0
   11     12     16    1
   16     47     11    0
   16     63     47    0
   16     37     47    0
   63     37     16    0
   16     19     11    1
   16     51     19    0
   11     51     16    0
   16     47     51    0
   16     48     47    0
   16     52     47    0
   48     47     52    1
   22     98     21    1
   97     98     22    1
   51     52     16    0
   52     47     51    1
   84     17     80    1
   22     84     83    1
   84     78     81    1
   78     77     34    0
   78     71     77    1
   78     63     16    0
    1     63     78    0
   78     74     63    0
   78      1     74    1
   63     37     78    0
   78     37     34    0
   34     33     78    0
   34     37     33    1
   78     34     63    0

# Set of Tetrahedra
Tetrahedra
219
   67     56     46     45  0
   11     69     67     49  0
   33     75     78     81  0
   13     14      1     15  0
   55     56     46      4  0
   97     13     21     84  0
   58     38     71     39  0
   66     68      1     64  0
   13     90     94     16  0
   56     55     46     45  0
   38     59     58     71  0
   73      1     64     74  0
   88     33     32     87  0
   91     33     78     81  0
    1     13     16     78  0
   52     51      7     19  0
   32     33     35     87  0
   70     10     11     69  0
   70     11      2     69  0
   28     26     25     43  0
   58     59     74     71  0
   13     97     81     84  0
   10      9     12     65  0
   33     90     87     91  0
    5     28     37     47  0
   10     11     69     65  0
    9     66     12     65  0
   66      1     12     65  0
   66     68      8      1  0
   59     73     58     74  0
   75     88     76     91  0
   72     71     39     34  0
   14      8      1     15  0
    8     66      1      9  0
    1     66     15      9  0
    8      1     15      9  0
   11     50      2     69  0
   24     25     89     44  0
   50     51     11      7  0
   70     11      6      2  0
   66     15      9     12  0
   69      2     67     49  0
    1     13     15     12  0
   66      1     15     12  0
   61     40     34     37  0
   10     12     11     65  0
   49     67     46     45  0
   11     50     53      2  0
   11     53      6      2  0
   56      5     60     62  0
   50      2     69     49  0
    2     67     49     45  0
   11     50     69     49  0
   74     58     71     34  0
   57     38     58     39  0
    4     56      5     60  0
   57     61     62     39  0
   56     61      5     62  0
   58     73     64     74  0
   61     57     58     39  0
   71     58     39     34  0
    5     46     26     43  0
   24     31     25     44  0
   56     67     46      5  0
   56     46      4      5  0
    4     46     27      5  0
   97     91     81     79  0
   62     61     40     39  0
   50     11     53      7  0
   67     49     46      5  0
   66      1     63     64  0
   64     58     74     34  0
   61     40     39     34  0
   33     30     77     75  0
   97     98     21     18  0
    1     12     65     63  0
   66      1     65     63  0
   33     90     35     87  0
   12     11     65     63  0
   56     67      5     63  0
   61     56      5     63  0
   69     11     67     63  0
   11     69     65     63  0
    1     68     73     64  0
   75     33     88     91  0
   89     24     44     86  0
   95     20     52      3  0
    1     63     64     74  0
   90     13     94     97  0
   23     98     97     18  0
   88     75     76     29  0
   71     38     72     39  0
   28      5     26     43  0
   61      5     62     40  0
   33     90     37     35  0
   90     13     91     78  0
   72     71     34     36  0
   33     30     75     29  0
   63     64     74     34  0
   63     58     64     34  0
   90     28     87     86  0
   48     95     52     42  0
   63     61     58     34  0
   58     61     39     34  0
   33     30     34     77  0
   82     21     84     22  0
   34     30     36     77  0
   71     34     36     77  0
   88     33     87     91  0
   33     75     88     29  0
   88     33     29     85  0
   90     28     37     35  0
   24     32     35     87  0
   63     61     34     37  0
   88     33     85     32  0
   71     74     34     78  0
   31     24     87     86  0
   28     43     48     47  0
   20     52      3     54  0
   44     89     86     92  0
   94     13     16     18  0
   61      5     40     37  0
    5     61     63     37  0
   46     27      5     26  0
   75     33     91     81  0
   31     24     35     87  0
   31     28     25     44  0
   25     28     43     44  0
   24     25     41     89  0
    5     49     43     47  0
   24     31     44     86  0
   49     46      5     43  0
   93     95     48     42  0
   44     93     48     92  0
   28     31     35     87  0
   90     28     35     87  0
   90     33     37     78  0
   28     31     87     86  0
   31     28     44     86  0
   51     11      7     19  0
   28     44     86     93  0
   90     28     86     93  0
   93     48     92     42  0
   28      5     43     47  0
   28     90     37     47  0
   95     20      3     96  0
   28     44     93     48  0
   28     43     44     48  0
   95     52     42      3  0
   20     52      7     19  0
   44     86     93     92  0
   21     97     84     83  0
   51     50     11     47  0
   11     50     49     47  0
   63      5     37     47  0
   90     28     93     47  0
   93     28     48     47  0
   14     13      1     17  0
   90     95     94     16  0
   95     20     96     18  0
   67      5     63     47  0
   67     49      5     47  0
   11     67     63     47  0
   67     11     49     47  0
   20     52     54      7  0
   13     97     21     18  0
   97     81     84     79  0
   97     84     83     79  0
   95     94     16     18  0
   13     94     97     18  0
   20     95     16     18  0
   95     23     94     18  0
   21     13     82     84  0
   23     95     96     18  0
   94     23     97     18  0
   13      1     17     80  0
   76     75     91     79  0
   13     97     91     81  0
   77     33     75     78  0
   91     75     81     79  0
   21     97     83     22  0
   13      1     80     78  0
   90     13     97     91  0
   90     37     16     78  0
   33     90     91     78  0
   13     17     82     84  0
   13     91     78     81  0
   80     13     78     84  0
   20     95     52     16  0
   20     52     19     16  0
   90     93     95     16  0
    1     12     63     16  0
    1     13     12     16  0
   93     90     47     16  0
   95     48     52     16  0
   95     93     48     16  0
   12     11     63     16  0
   63     11     47     16  0
   37     63     47     16  0
   90     37     47     16  0
   13     90     16     78  0
   51     11     19     16  0
   11     51     47     16  0
   48     93     47     16  0
   52     48     47     16  0
   98     97     21     22  0
   52     51     19     16  0
   51     52     47     16  0
   17     13     80     84  0
   84     21     83     22  0
   78     13     81     84  0
   71     34     77     78  0
   63      1     16     78  0
    1     63     74     78  0
   37     63     16     78  0
   33     34     37     78  0
   34     33     77     78  0
   74     63     34     78  0
   34     63     37     78  0

Corners
98
   1
   2
   3
   4
   5
   6
   7
   8
   9
  10
  11
  12
  13
  14
  15
  16
  17
  18
  19
  20
  21
  22
  23
  24
  25
  26
  27
  28
  29
  30
  31
  32
  33
  34
  35
  36
  37
  38
  39
  40
  41
  42
  43
  44
  45
  46
  47
  48
  49
  50
  51
  52
  53
  54
  55
  56
  57
  58
  59
  60
  61
  62
  63
  64
  65
  66
  67
  68
  69
  70
  71
  72
  73
  74
  75
  76
  77
  78
  79
  80
  81
  82
  83
  84
  85
  86
  87
  88
  89
  90
  91
  92
  93
  94
  95
  96
  97
  98

Edges
48
   83     22    1
   22     98    1
   68      8    1
    8     14    1
   42      3    1
    3     54    1
   27      4    1
    4     60    1
    3     96    1
    7     54    1
   53      7    1
    8      9    1
    9     10    1
   10     70    1
   17     14    1
   23     98    1
   22     82    1
   38     57    1
   72     38    1
   82     17    1
   96     23    1
   24     41    1
   41     25    1
   62     60    1
   26     25    1
   29     85    1
   30     29    1
   85     32    1
   36     30    1
   32     24    1
   36     72    1
   62     57    1
   26     27    1
   41     89    1
   89     92    1
   92     42    1
   55      4    1
   45     55    1
   45      2    1
   53      6    1
    6      2    1
   29     76    1
    6     70    1
   59     38    1
   73     59    1
   73     68    1
   83     79    1
   76     79    1

End
